638 638 1041
3 4 1
3 11 1
3 58 1
3 222 1
4 49 1
4 82 1
5 4 1
6 10 1
6 15 1
7 8 1
7 9 1
7 82 1
9 6 1
9 79 1
9 144 3
11 2 1
11 6 1
11 11 1
11 108 1
11 128 1
12 174 1
12 200 1
12 399 1
13 209 1
15 49 1
15 394 1
16 15 1
16 192 1
17 15 1
17 18 1
17 58 1
17 127 1
19 96 1
19 99 1
20 15 1
21 399 1
23 28 1
25 23 1
25 24 1
25 82 1
27 23 1
27 26 1
27 210 1
29 216 1
30 59 1
30 210 1
31 23 1
31 63 1
31 210 1
31 330 1
34 31 1
34 35 1
34 82 1
36 31 1
36 116 1
37 31 1
37 38 1
37 210 1
39 45 1
39 116 1
39 188 1
39 213 1
40 45 1
40 129 1
40 179 1
40 213 1
41 42 1
41 45 1
41 82 1
43 44 1
43 45 1
43 210 1
45 4 1
45 31 1
45 33 1
45 113 1
45 188 1
45 216 1
45 330 1
45 364 2
45 414 1
46 31 1
49 61 1
49 74 1
49 132 1
49 292 1
49 296 1
49 315 1
50 49 1
50 51 1
50 82 1
52 49 1
52 53 1
52 210 1
54 55 1
54 58 1
54 82 1
56 57 1
56 58 1
56 210 1
58 4 1
58 49 1
58 150 1
58 292 1
58 296 1
58 307 1
58 315 1
59 22 1
59 40 1
59 45 1
59 47 1
59 58 1
59 59 2
59 144 1
59 148 1
59 216 1
59 308 1
59 364 1
59 371 1
60 118 1
63 49 1
63 72 2
63 121 1
63 174 1
63 176 1
63 256 1
64 20 1
64 63 1
65 63 1
65 66 1
65 82 1
67 63 1
67 68 1
67 210 1
69 70 1
69 210 1
70 63 1
70 71 1
73 63 1
73 217 1
74 58 1
74 248 1
74 249 1
74 250 1
74 321 1
75 147 1
75 210 1
76 210 1
79 80 1
79 168 1
80 58 2
80 78 1
80 89 1
80 195 1
80 196 2
81 6 1
81 108 1
82 148 1
83 15 1
83 82 1
84 85 1
84 108 1
84 210 1
86 108 1
88 98 1
89 4 1
89 91 3
89 101 1
89 108 1
89 125 1
89 138 1
89 139 1
89 140 1
89 142 1
89 144 1
89 145 1
89 222 1
89 285 1
89 521 1
90 89 1
90 272 1
91 49 1
91 92 1
91 573 1
93 89 1
93 143 1
93 251 1
93 253 1
93 477 1
94 89 2
94 100 1
94 101 1
94 102 1
94 125 1
94 272 1
95 96 1
95 98 1
95 272 1
97 11 1
97 48 1
97 99 1
97 127 1
98 97 1
98 272 1
98 362 1
100 88 1
101 479 2
102 285 1
103 93 1
103 144 1
104 4 1
104 49 1
104 63 1
104 91 1
104 106 1
104 112 1
104 146 1
104 174 1
104 270 1
105 118 1
108 4 1
108 6 2
108 12 1
108 14 1
108 58 4
108 87 1
108 91 3
108 97 1
108 101 1
108 104 1
108 107 1
108 108 1
108 120 1
108 125 1
108 138 1
108 139 1
108 140 1
108 142 1
108 144 1
108 145 1
108 159 1
108 247 1
108 361 1
108 444 1
108 445 1
108 458 1
108 478 1
108 521 1
109 76 1
109 104 1
109 110 1
109 210 1
111 104 1
113 186 1
115 89 1
115 196 1
117 131 1
117 213 1
118 137 1
118 191 1
119 201 1
121 49 1
122 121 1
122 123 1
122 148 1
124 221 1
126 13 1
126 172 1
126 201 1
127 11 2
127 12 1
127 218 1
127 272 1
127 399 1
127 423 1
127 443 1
128 2 1
128 153 1
128 480 1
129 178 1
130 15 1
131 32 1
131 130 1
132 137 1
133 132 1
133 134 1
133 210 1
135 136 1
135 137 1
135 210 1
141 58 1
141 144 1
144 3 1
144 6 2
144 12 1
144 74 1
144 143 1
144 144 2
144 181 1
144 203 1
144 288 1
144 292 1
144 296 1
144 315 1
144 497 1
144 502 1
144 582 1
144 625 1
144 626 1
144 627 1
146 63 1
146 127 1
146 162 1
146 206 1
148 1 1
148 15 1
148 49 1
148 154 5
148 176 1
148 220 1
148 258 1
148 265 1
148 272 3
148 394 1
149 150 1
149 151 1
150 127 1
150 148 1
152 97 2
153 11 1
155 15 1
155 152 1
155 154 1
156 127 1
156 152 1
156 154 1
157 148 1
157 152 1
157 154 1
158 93 1
158 94 1
159 144 1
159 167 1
159 319 1
160 129 1
160 161 1
161 129 1
161 178 1
161 213 1
161 216 1
163 4 1
163 58 1
163 89 1
163 101 1
163 142 1
163 145 1
163 153 1
163 162 1
163 180 1
163 222 1
165 163 1
165 164 1
166 104 1
166 195 1
167 89 1
167 103 1
167 166 1
169 103 1
169 108 1
169 170 1
169 253 1
169 361 1
169 477 1
171 223 1
172 171 1
172 180 1
172 209 1
174 108 1
174 132 1
174 144 1
174 224 1
174 258 1
175 148 1
175 174 1
176 272 1
177 176 1
177 211 1
177 232 1
177 272 1
178 129 1
179 58 1
179 213 1
181 58 1
182 58 1
182 118 1
182 189 1
182 338 1
182 339 1
183 118 1
183 188 1
184 118 1
185 118 1
187 105 1
187 113 1
187 118 1
187 185 1
187 189 1
187 190 1
187 329 1
187 332 1
187 335 1
187 434 1
188 187 1
188 331 1
188 451 1
189 118 1
190 58 1
190 60 1
190 105 1
190 118 1
190 182 1
190 184 1
190 185 1
190 191 1
190 336 1
190 337 1
193 194 1
193 196 1
193 210 1
196 198 1
196 199 1
197 196 1
197 199 1
200 21 1
200 399 1
200 413 1
201 124 1
201 252 1
202 12 1
204 58 1
204 114 1
204 173 1
204 203 1
204 205 1
204 274 1
205 58 1
205 397 1
207 79 1
207 89 2
207 93 2
207 159 1
208 62 1
208 216 1
210 148 1
210 256 1
211 77 1
211 210 1
211 212 1
212 212 1
213 15 1
213 178 1
213 291 1
213 435 1
213 436 1
214 82 1
214 213 1
214 215 1
214 307 1
216 131 1
216 213 3
216 430 1
218 399 1
219 12 1
219 218 1
219 399 1
220 148 1
220 174 1
222 180 1
222 201 1
223 221 1
226 229 1
227 340 1
227 390 1
228 227 1
229 228 1
229 230 1
230 231 1
233 192 1
234 192 1
234 430 1
235 192 1
236 192 1
237 192 1
238 192 1
239 192 1
240 192 1
241 192 1
242 192 1
243 192 1
244 192 1
245 192 1
246 192 1
251 89 1
251 103 1
254 101 1
254 253 1
255 256 1
258 291 1
258 296 1
258 310 1
258 393 1
259 270 1
259 272 1
261 260 1
261 263 1
261 267 1
262 270 1
263 271 1
265 148 1
265 271 1
266 272 1
267 272 1
268 148 1
270 260 1
270 266 1
270 269 1
271 257 1
271 258 1
272 259 1
272 263 1
272 265 1
272 272 1
272 277 4
272 292 3
272 293 2
272 295 1
272 315 1
272 439 1
272 440 1
273 192 1
275 270 1
276 275 1
277 264 1
277 275 1
278 272 1
278 277 1
279 74 1
279 82 1
279 280 1
282 93 1
282 326 1
283 284 1
283 292 1
284 144 1
286 292 1
287 292 1
287 311 1
287 315 1
289 292 1
291 272 4
292 272 1
292 288 1
292 290 1
292 291 1
292 308 1
292 322 1
292 415 1
292 495 1
292 637 1
294 295 1
296 292 1
296 293 1
297 292 2
297 295 1
297 636 1
298 299 1
298 300 1
299 302 1
300 301 1
301 288 1
301 290 1
301 301 1
302 301 1
302 303 1
303 204 1
303 205 1
303 292 1
303 301 1
304 291 1
305 291 1
311 299 1
311 301 1
311 309 2
311 315 1
312 311 1
313 315 1
314 315 1
315 272 1
315 288 1
315 296 1
315 312 1
315 608 1
315 638 1
316 311 1
317 311 1
318 264 1
318 270 1
319 320 1
322 283 1
322 306 1
322 323 1
322 324 1
322 325 1
326 93 1
326 143 1
326 253 1
328 108 1
328 281 1
328 326 2
328 327 1
329 118 1
329 190 1
330 58 1
330 182 1
330 187 1
330 403 1
330 421 1
330 424 1
330 462 1
330 559 2
332 17 1
333 187 1
333 210 1
333 334 1
335 118 1
336 118 1
336 210 1
337 118 1
338 118 1
339 118 1
341 225 1
341 227 1
341 272 1
342 341 1
342 343 1
343 227 1
343 344 1
345 59 1
346 74 1
346 347 1
347 348 1
349 350 1
349 352 1
352 11 1
352 354 1
353 352 1
355 3 1
355 349 1
355 351 1
356 357 1
356 359 2
356 360 2
359 358 1
359 360 1
360 355 1
360 358 1
362 363 1
364 118 1
365 366 1
367 365 1
367 366 1
367 395 1
369 272 1
370 368 1
370 369 1
370 373 1
371 213 1
372 371 1
372 387 1
373 343 1
373 391 1
374 272 1
374 375 1
374 386 1
376 369 1
376 378 1
377 148 1
377 330 1
377 378 1
379 369 1
379 381 1
380 210 1
380 330 1
380 381 1
382 272 1
382 330 1
383 31 1
383 272 1
384 38 1
384 369 1
385 49 1
385 387 1
388 137 1
388 387 1
390 229 1
390 389 1
392 213 1
392 387 1
393 369 1
396 303 1
396 397 1
396 398 1
400 144 1
400 148 1
400 272 1
400 402 1
401 6 1
401 148 1
401 272 1
401 402 1
404 216 2
406 200 1
406 405 1
407 12 1
407 405 1
408 148 1
409 403 1
409 408 1
409 421 1
409 559 2
410 216 1
410 409 1
411 129 1
411 213 1
411 410 1
412 213 1
412 410 1
414 188 1
416 272 2
416 415 1
417 108 1
418 291 1
419 272 2
419 291 1
419 418 1
420 49 1
420 210 1
422 187 1
422 336 1
426 148 1
426 343 1
426 425 1
426 428 1
427 343 1
427 425 1
427 429 1
428 429 1
430 213 1
431 148 1
431 428 1
432 431 1
434 187 1
438 437 1
438 439 1
439 270 1
439 439 1
442 440 1
442 441 1
448 49 1
448 58 1
448 108 1
448 144 1
448 291 1
448 366 1
448 446 1
448 447 1
448 456 1
448 457 1
449 272 1
449 448 1
450 272 1
450 330 1
451 118 1
452 101 1
452 107 1
453 101 1
454 272 1
454 455 1
460 272 1
460 459 1
461 272 1
461 440 1
463 272 1
463 433 1
463 473 1
464 272 1
464 440 1
465 49 1
465 272 1
466 127 1
466 272 1
467 144 1
467 272 1
468 49 1
468 474 1
468 614 1
469 144 1
469 468 2
469 472 1
469 489 1
469 614 1
471 272 1
471 468 1
471 470 1
472 474 1
472 523 1
472 524 1
475 59 1
475 272 1
476 81 1
476 473 1
479 101 1
479 142 1
479 537 2
479 635 2
480 58 2
481 480 1
482 481 1
483 15 1
483 283 1
483 485 1
483 488 1
483 489 1
484 483 1
485 490 1
486 485 1
486 587 1
487 485 1
489 58 1
489 298 1
489 303 1
489 480 1
489 481 1
489 482 1
489 483 1
489 489 3
489 501 1
489 515 1
489 518 1
489 526 1
489 527 1
489 584 1
489 632 1
491 284 1
492 272 1
492 489 1
492 586 1
493 485 1
500 58 1
500 480 1
500 498 1
501 499 1
501 501 1
502 283 1
502 320 1
504 502 1
504 503 1
505 303 1
506 283 1
506 303 1
506 320 1
506 357 1
508 148 1
508 507 1
509 144 1
509 303 1
510 587 1
511 483 2
512 272 1
512 468 1
512 474 1
512 530 1
512 531 1
512 624 1
514 512 1
514 513 1
515 298 1
515 489 1
517 15 1
518 483 1
518 516 1
518 517 1
519 203 1
519 205 1
520 11 2
520 97 1
521 522 1
525 473 1
526 283 1
529 303 1
529 623 1
532 272 1
532 512 1
532 533 1
534 272 1
534 512 1
535 272 1
535 536 1
536 512 1
537 139 1
537 479 1
551 549 1
551 550 1
552 200 1
552 272 1
552 538 1
553 480 1
553 481 1
553 482 1
553 539 1
553 552 1
554 148 1
554 540 1
554 553 1
555 553 1
556 541 1
556 542 1
556 543 1
556 544 1
556 553 1
557 127 1
557 460 1
557 518 1
557 545 1
557 546 1
557 547 1
557 548 1
557 556 1
557 571 1
558 6 1
558 283 1
558 480 2
558 549 1
558 550 1
558 556 1
558 572 1
561 45 2
561 562 1
563 213 1
563 559 1
563 560 1
565 148 1
565 517 1
565 564 1
566 375 2
567 49 1
567 50 1
567 52 1
567 568 1
567 570 1
569 49 1
569 283 1
569 567 1
571 127 1
571 148 1
575 272 1
575 489 1
575 574 1
577 272 1
577 552 1
577 576 1
579 272 1
579 553 1
579 578 1
581 272 1
581 580 1
583 144 1
583 501 2
585 270 1
588 283 1
588 284 1
589 515 1
589 587 1
591 127 1
591 590 1
592 127 1
593 592 1
594 593 1
595 593 1
596 127 1
596 592 1
597 592 2
599 98 1
599 598 1
600 292 1
600 601 1
602 292 1
603 148 1
603 590 1
605 127 1
605 604 1
606 605 1
607 605 1
609 606 1
610 283 1
610 468 1
610 589 1
610 623 1
611 614 1
612 468 1
613 614 1
615 303 2
616 303 1
617 468 1
618 303 1
619 144 2
620 144 1
620 272 1
620 621 1
622 302 1
622 303 1
623 144 1
623 303 1
623 320 1
623 489 1
623 492 1
623 494 1
623 496 1
623 500 1
623 503 1
623 528 1
623 584 1
623 587 1
628 272 1
628 629 1
628 630 1
631 192 1
632 526 1
634 483 1
634 633 1
635 138 1
